LOBBYMAIN
L_MR.DDS
0	0	92	57
0	60	558	525
0	0	56	527
0	736	936	965
0	0	653	57	
559	60	890	708
459 472 89 40
231 609 320 649
321 609 410 649
411 609 500 649
553 472 89 40
231 650 320 689
321 650 410 689
411 650 500 689
365 472 89 40
231 568 320 608
321 568 410 608
411 568 500 608
609 134 29 50
937 726 966 776
937 776 966 826
937 826 966 876
609 403 29 50
967 726 995 776
967 776 995 826
967 826 995 876
667 120 29 27
945 257 974 284
945 285 974 312
945 313 974 340
699 120 29 27
975 257 1004 284
975 285 1004 312
975 313 1004 340
25	174	56	69
60	526	116	595
60	596	116	665
60	666	116	735
25	94	56	69
3	526	59	595
3	596	59	665
3	666	59	735
25	253	56	69
117	526	173	595
117	596	173	665
117	666	173	735
876	709	89	40
890	354	979	394
890	394	979	434
890	434	979	474
25 332 56 69
174 526 230 595
174 596 230 665
174 666 230 735
945	208	998	232
945	232	998	256
LISTCHATBOXTYPE1
937	776	966	826
937	826	966	876
967	776	996	826
967	826	996	876
0	0	0	0
609	536	29	50
609	697	29	50
0	0	0	0
0	0	0	0
137	543	448	170

LISTCHATBOXTYPE2
423	912	452	962
423	962	452	1012
453	912	482	962
453	962	482	1011
0	0	0	0
595	596	29	50
595	691	59	50
0	0	0	0
0	0	0	0
123	593	422	120

LISTCHATBOXTYPE3
829	569	856	585
857	569	884	585
885	569	912	585
913	569	940	585
801	569	828	579
489	446	27	16
489	524	27	16
489	462	27	60
489	462	27	10
10	449	468	105

LOBBYGAME
L_GR.tga
0	0	23	50
12	73	994	588
0	0	41	570
37	589	973	781
409	82	29	27
937	946	966	973
937	974	966	1001	
441	82	29	27
967	946	996	972
967	974	996	1001
646	712	99	40
7	901	106	941
7	941	106	981
7	981	106	1021
646	712	99	40
304	901	403	941
106	901	205	941
205	901	305	941
853	712	99	40
304	981	403	1020
205	941	304	980
205	981	305	1021
750	712	99	40
304	941	403	981
106	941	205	981
106	981	205	1021
213	62	24	24
178	790	202	814
178	815	202	839
178	840	202	864
750	62	24	24
178	790	202	814
178	815	202	839
178	840	202	864
363	62	24	24
178	790	202	814
178	815	202	839
178	840	202	864
900	62	24	24
178	790	202	814
178	815	202	839
178	840	202	864
213	188	24	24
178	790	202	814
178	815	202	839
178	840	202	864
750	188	24	24
178	790	202	814
178	815	202	839
178	840	202	864
363	188	24	24
178	790	202	814
178	815	202	839
178	840	202	864
900	188	24	24
178	790	202	814
178	815	202	839
178	840	202	864
213	314	24	24
178	790	202	814
178	815	202	839
178	840	202	864
750	314	24	24
178	790	202	814
178	815	202	839
178	840	202	864
363	314	24	24
178	790	202	814
178	815	202	839
178	840	202	864
900	314	24	24
178	790	202	814
178	815	202	839
178	840	202	864
213	440	24	24
178	790	202	814
178	815	202	839
178	840	202	864
750	440	24	24
178	790	202	814
178	815	202	839
178	840	202	864
363	440	24	24
178	790	202	814
178	815	202	839
178	840	202	864
900	440	24	24
178	790	202	814
178	815	202	839
178	840	202	864
98	56	242	177
635	56	779	177
248	56	392	177
785	56	929	177
98	182	242	303
635	182	779	303
248	182	392	303
785	182	929	303
98	308	242	429
635	308	779	429
248	308	392	429
785	308	929	429
98	434	242	555
635	434	779	555
248	434	392	555
785	434	929	555
9	790	150	813
9	790	150	813
9	815	150	838
9	815	150	838
9	840	150	863
65	866	104	890
0	0	0	0
787	942	922	1012
272	791	478	895
773	673	108	24
860	675	20	20
968	802	988	822
0	0	206	128
0	128	206	256
0	256	206	384
0	384	206	511
206	0	412	128
206	128	412	256
0	0	0	0
0	0	0	0
0	0	0	0
0	0	0	0
0	0	0	0
0	0	0	0
0	0	0	0
0	0	0	0
0	0	0	0
0	0	0	0
0	0	0	0
0	0	0	0
0	0	0	0
0	0	0	0

SELECTTYPE1
9	
35	146	60	73
99	146	60	73
163	146	60	73
35	225	60	73
99	225	60	73
163	225	60	73
35	304	60	73
99	304	60	73
163	304	60	73
60	73	60	73
401	250	461	323
401	169	461	242

SELECTTYPE2
6	
19	90	57	64
19	176	57	64
19	261	57	64
289	90	57	64
289	176	57	64
289	261	57	64
57	64	57	64
367	180	424	244
367	108	424	172

SELECTTYPE3
9	
22	147	60	73
85	147	60	73
150	147	60	73
22	226	60	73
85	226	60	73
150	226	60	73
22	306	60	73
85	306	60	73
150	306	60	73
60	73	60	73
367	272	427	345
367	196	427	269

SELECTTYPE4
9	
35	148	60	73
97	148	60	73
163	148	60	73
35	227	60	73
97	227	60	73
163	227	60	73
35	306	60	73
97	306	60	73
163	306	60	73
60	73	60	73
401	132	461	205
401	52	461	125

SELECTTYPE5
20
410	246	88	19
410	276	88	19
410	306	88	19
410	336	88	19
410	366	88	19
410	396	88	19
410	426	88	19
410	456	88	19
410	486	88	19
410	516	88	19
646	246	88	19
646	276	88	19
646	306	88	19
646	336	88	19
646	366	88	19
646	396	88	19
646	426	88	19
646	456	88	19
646	486	88	19
646	516	88	19
88	19	88	19
4	878	92	897
93	878	181	897

SELECTTYPE6
9
407	265	193	22
407	290	193	22
407	315	193	22
407	340	193	22
407	365	193	22
407	390	193	22
407	415	193	22
407	440	193	22
407	465	193	22
193	22	193	22
253	93	446	115
253	115	446	137

SELECTTYPE7
15
36	46	130	14
36	62	130	14
36	78	130	14
36	94	130	14
36	110	130	14
36	126	130	14
36	142	130	14
36	158	130	14
36	174	130	14
36	190	130	14
36	206	130	14
36	222	130	14
36	238	130	14
36	254	130	14
36	270	130	14
143	18	143	18
1	387	140	405
1	406	140	424

SELECTTYPE8
10
107	184	404	28
107	215	404	28
107	245	404	28
107	275	404	28
107	305	404	28
107	335	404	28
107	365	404	28
107	395	404	28
107	425	404	28
107	455	404	28
404	28	404	28
24	740	428	770
24	710	427	740

SELECTTYPE9
2
340	157	202	389
552	157	202	389
202	389	202	389
462	3	665	393
462	3	665	393

SELECTTYPE10
4
231	49	224	98
231	154	224	98
231	260	224	98
231	365	224	98
224	98	224	98
543	378	767	476
543	279	767	377

SELECTTYPE11
4
231	49	224	98
231	154	224	98
231	260	224	98
231	365	224	98
224	98	224	98
543	378	767	476
543	279	767	377

SELECTTYPE12
10
127	135	480	30
127	167	480	30
127	199	480	30
127	231	480	30
127	263	480	30
127	295	480	30
127	327	480	30
127 351 480 30
127 391 480 30
127 423 480 30
480	30	480	30
480	966	960	996
0	966	480	996

SELECTTYPE13
7
665	483	284	28
665	513	284	28
665	543	284	28
665	573	284	28
665	603	284	28
665	633	284	28
665	663	284	28
284	28	284	28
317	166	337	186
317	145	337	165

SELECTTYPE14
3
471	391	48	48	
522	391	48	48
573	391	48	48
48	48	48	48
175	433	223	481
224	433	272	481

SELECTTYPE15
5
343	150	80	80
343	232	80	80	
343	314	80	80
343	396	80	80
343	478	80	80
80	80	80	80
928	384	1008	464
928	384	1008	464

SELECTTYPE16
10
471	160	236	64
708	160	236	64
471	252	236	64
708	252	236	64
471	344	236	64
708	344	236	64
471	436	236	64
708	436	236	64
471	528	236	64
708	528	236	64	
236	64	236	64
13	844	249	935
13	754	249	844

SELECTTYPE17
10
471	160	236	64
708	160	236	64
471	252	236	64
708	252	236	64
471	344	236	64
708	344	236	64
471	436	236	64
708	436	236	64
471	528	236	64
708	528	236	64	
236	64	236	64
13	844	249	935
13	754	249	844

SELECTTYPE18
5
343	150	80	80
343	232	80	80
343	314	80	80
343	396	80	80
343	478	80	80
80	80	80	80
928	384	1008	464
928	384	1008	464

SELECTTYPE19
10
471	143	235	64
708	143	235	64
471	235	235	64
708	235	235	64
471	327	235	64
708	327	235	64
471	419	235	64
708	419	235	64
471	511	235	64
708	511	235	64
235	64	235	64
578	915	813	1005
342	915	577	1005

SELECTTYPE20
5
343	150	80	80
343	232	80	80	
343	314	80	80
343	396	80	80
343	478	80	80
80	80	80	80
928	384	1008	464
928	384	1008	464

SELECTTYPE21
6
471	160	236	64
708	160	236	64
471	252	236	64
708	252	236	64
471	344	236	64
708	344	236	64
236	64	236	64
13	844	249	935
13	754	249	844

TABTYPE1
3
0	0	117	47
0	0	117	47
117	0	124	47
117	0	124	47
241	0	124	47
241	0	124	47
367	52	484	100
367	100	491	148
367	148	491	197

TABTYPE2
3
6	0	124	47
6	0	124	47
130	0	124	47
130	0	124	47
254	0	124	47
254	0	124	47
1	392	125	439
126	392	250	439
251	392	375	439

TABTYPE3
3
302	145	124	61
302	145	124	61
418	145	124	61
418	145	124	61
533	145	124	61
533	145	124	61
531	3	655	64
656	3	780	64
781	3	905	64

TABTYPE4
3
594	97	43	29
594	97	43	29
640	97	43	29
640	97	43	29
685	97	43	29
685	97	43	29
801	735	846	761
847	735	891	761
892	735	936	761

TABTYPE5
2
104	112	83	44
104	112	83	44
187	112	83	44
187	112	83	44
215	662	298	706
298	662	382	706

TABTYPE6
2
662	66	73	41
662	66	73	41
735	66	73	41
735	66	73	41
891	681	964	722
305	526	377	567

TABTYPE7
2
93	611	69	31
93	611	69	31
93	648	69	31
93	648	69	31
1	754	70	785
71	754	141	785

TABTYPE8
2
93	611	69	31
93	611	69	31
93	648	69	31
93	648	69	31
1	784	70	815
71	784	140	815

TABTYPE9
3
99	89	73	41
99	89	73	41
172	89	73	41	
172	89	73	41
245	89	73	41
245	89	73	41
187	210	260	251
260	210	333	251
333	210	406	251

TABTYPE10
5
474	153	63	37
474	153	63	37
537	153	63	37
537	153	63	37
599	153	63	37
599	153	63	37
662	153	63	37
662	153	63	37
725	153	63	37
725	153	63	37
535	511	598	548
599	511	662	548
663	511	726	548
727	511	790	548
535	549	598	586

TABTYPE11
4
474	153	63	37
474	153	63	37
537	153	63	37
537	153	63	37
599	153	63	37
599	153	63	37
662	153	63	37
662	153	63	37
390	511	453	548
454	511	517	548
518	511	581	548
582	511	645	548

TABTYPE12
3
99	89	73	41
99	89	73	41
172	89	73	41
172	89	73	41
245	89	73	41
245	89	73	41
122	982	195	1023
195	982	268	1023
268	982	341	1023

TABTYPE13
3
495	246	73	41
495	246	73	41
568	246	73	41
568	246	73	41
641	246	73	41
641	246	73	41
10	377	82	418
83	377	156	418
10  419 82  460

SLIDERTYPE1
240	410	28	20	110	428	16
357	746	385	765
386	746	415	765

POPUPOPTION
N_PO.tga
254	134	516	499
3	4	519	503
492	571	142	50
531	65	673	115
531	116	673	166
640	570	114	50
674	65	788	115
674	116	788	166
4	514	493	877
531	227	745	327
495	514	984	877
351	245	715	263
351	284	715	302
351	323	715	341
351	362	715	380
351	401	715	419
351	440	715	458
351	479	715	497
351	518	715	536

BTNSCROLLTYPE1
310	268	41	27
789	65	830	92
789	93	830	120
427	269	41	27
831	65	872	92
831	93	872	120
531	167	688	196
311	268	157	29

BTNSCROLLTYPE2
310	333	41	27
789	65	830	92
789	93	830	120
427	334	41	27
831	65	872	92
831	93	872	120
531	167	688	196
311	333	157	29

BTNSCROLLTYPE3
310	477	41	27
789	65	830	92
789	93	830	120
427	478	41	27
831	65	872	92
831	93	872	120
531	167	688	196
311	477	157	29

BTNSCROLLTYPE4
554	509	41	27
789	65	830	92
789	93	830	120
671	510	41	27
831	65	872	92
831	93	872	120
531	167	688	196
555	509	157	29

BTNSCROLLTYPE5
90	178	17	17
418	168	435	185
436	168	453	185
190	178	17	17
454	178	471	185
472	168	489	185
223	130	417	149
14	177	194	19

BTNSCROLLTYPE6
90	201	17	17
418	168	435	185
436	168	453	185
190	201	17	17
454	168	471	185
472	168	489	185
223	150	417	169
14	200	194	19

BTNSCROLLTYPE7
90	224	17	17
418	168	435	185
436	168	453	185
190	224	17	17
454	168	471	185
472	168	489	185
223	170	417	189
14	223	194	19

BTNSCROLLTYPE8
90	76	17	17
418	168	435	185
436	168	453	185
190	76	17	17
454	168	471	185
472	168	489	185
223	210	417	229
14	75	194	19

BTNSCROLLTYPE9
90	99	17	17
418	168	435	185
436	168	453	185
190	99	17	17
454	168	471	185
472	168	489	185
223	270	417	289
14	98	194	19

BTNSCROLLTYPE10
446	407	24	22
383	150	407	177
383	178	407	200
618	407	24	22
413	150	437	177
413	178	437	200
0	0	0	0
470	407	148	22	

BTNSCROLLTYPE11
407	531	29	27
208	820	237	847
208	848	237	875
588	531	29	27
238	820	267	847
238	848	267	875
0	0	0	0
407	531	210	27

BTNSCROLLTYPE12
728	616	29	27
208	820	237	847
208	848	237	875
899	616	29	27
238	820	267	847
238	848	267	875
0	0	0	0
728	616	210	27	

BTNSCROLLTYPE13
728	645	29	27
208	820	237	847
208	848	237	875
899	645	29	27
238	820	267	847
238	848	267	875
0	0	0	0
728	645	210	27	

BTNSCROLLTYPE14
728	587	29	27
208	820	237	847
208	848	237	875
899	587	29	27
238	820	267	847
238	848	267	875
0	0	0	0
728	587	210	27

BTNSCROLLTYPE15
446	447	24	22
383	150	407	177
383	178	407	200
618	447	24	22
413	150	437	177
413	178	437	200
0	0	0	0
470	447	148	22	

LRSLIDERYPE1
310	403	41	27
789	65	830	92
789	93	830	120
427	403	41	27
831	65	872	92
831	93	872	120
531	197	688	226
812	121	820	142
311	403	353	417	8	21

LRSLIDERYPE2
554	265	41	27
789	65	830	92
789	93	830	120
671	265	41	27
831	65	872	92
831	93	872	120
531	197	688	226
812	121	820	142
555	265	597	661	8	21

LRSLIDERYPE3
554	332	41	27
789	65	830	92
789	93	830	120
671	332	41	27
831	65	872	92
831	93	872	120
531	197	688	226
812	121	820	142
555	332	597	661	8	21

LRSLIDERYPE4
554	448	41	27
789	65	830	92
789	93	830	120
671	448	41	27
831	65	872	92
831	93	872	120
531	197	688	226
812	121	820	142
555	448	597	661	8	21

POPUPCALL01
N_CALL01.tga
392	226	240	316
0	0	240	316
608	258	19	40
254	153	273	193
254	193	273	233
608	452	19	40
273	153	292	193
273	193	292	233
461	499	77	34
326	11	403	45
326	45	403	79
542	499	77	34
249	11	326	45
249	45	326	79

POPUPCALL02
N_CALL02.tga
355	298	315	172
0	0	315	172
499	427	77	34
318	0	395	34
318	34	395	68
584	427	77	34
395	0	472	34
395	34	472	68

POPUPCHANNEL
channel.bmp
0	0	207	330
297	136	207	330
16	296	86	22
1	331	87	358
88	331	174	358
107	296	86	22
1	359	87	386
88	359	174	386

LOBBYCHANNEL
L_Channel.tga

0	0	95	103
17	94	468	610

0	0	552	103	
483	94	861	610

438	565	89	42
112	615	201	657
112	657	201	699

515	186	19	40
875	142	894	182
875	182	894	222

515	502	19	40
894	142	913	182
894	182	913	221

905	147	19	40
875	142	894	182
875	182	894	222

905	287	19	40
894	142	913	182
894	182	913	221

837	702	89	42
429	717	518	759
429	759	518	801
429	801	518	843

522	718	575	739
575	718	628	739
522	742	575	763

POPUPSS
N_PSS.tga
322	103	459	521
0	103	322	103
0	0	461	521
480	555	139	49
0	521	139	570
140	521	279	570

POPUPSF
N_PSF.tga
248	114	528	543
0	114	248	114
1	2	526	541
23	57	48	40
543	0	591	40
543	41	591	81
168	57	47	40	
592	0	639	40
592	41	639	81
460	51	48	96
543	82	591	178
594	82	641	178
460	368	48	95
543	181	591	276
594	181	641	276
283	479	114	49
0	557	114	607
115	557	229	607
400	479	114	50
230	557	344	607
345	557	459	607

POPUPSH
N_PSH.tga
248	114	528	543
0	114	248	114
1	2	526	541
23	57	48	40
543	0	591	40
543	41	591	81
168	57	47	40	
592	0	639	40
592	41	639	81
460	51	48	96
543	82	591	178
594	82	641	178
460	368	48	95
543	181	591	276
594	181	641	276
283	479	114	49
0	557	114	607
115	557	229	607
400	479	114	50
230	557	344	607
345	557	459	607

POPUPSL
N_PSL.tga
280	114	470	543
0	114	280	114
1	1	471	544
23	57	48	40
475	1	523	41
475	42	523	82
168	57	47	40
524	1	571	41
524	42	571	82
197	480	141	49
0	548	141	597
142	548	283	597
342	479	342	479
285	548	399	598
400	548	514	598
237	55	237	162

LOBBYCHARMAKE
L_CharMake.tga
L_CharMake02.tga
0	0	55	88
0	66	912	655

0	0	0	0
0	0	0	0
0	0	0	0
0	0	0	0

0	0	0	0
0	0	0	0
0	0	0	0
0	0	0	0

0	0	0	0
0	0	0	0
0	0	0	0
0	0	0	0

0	0	0	0
0	0	0	0
0	0	0	0
0	0	0	0

0	0	0	0
0	0	0	0
0	0	0	0
0	0	0	0

0	0	0	0
0	0	0	0
0	0	0	0
0	0	0	0

462	633	99	39
0	0	0	0
153	700	252	739
153	740	252	780

187	573	29	27
1	835	30	862
1	863	30	890

219	573	29	27
31	835	60	862
31	863	60	890

388 	273	154	310
0	0	0	0
0	0	0	0

543 	273	111	310
0	0	0	0
0	0	0	0

656	313	133	270
0	0	0	0
0	0	0	0

793	273	154	200
0	0	0	0
0	0	0	0

LOBBYSTOREROOM
L_SR.tga
22	89	61	68
2	161	58	217	
68	161	124	217	
125	158	186	226

22	168	61	68
2	97	58	153
68	97	124	153
125	89	186	157

0	0	0	0
0	0	0	0
0	0	0	0
0	0	0	0

852	699	109	40
187	89	296	129
187	129	296	169
187	169	296	209

300	104	346	117
300	117	346	130
300	130	346	143
300	143	346	156
	
POPUPDR
P_PDR.tga
90	80	90	80
19	73	380	670
0	0	457	80
386	73	913	670

104	143	29	27
929	190	958	217
929	217	958	244

136	143	29	27
958	190	987	217
958	217	987	244

945	159	29	50
929	84	958	134
929	134	958	184

945	568	29	50
958	84	987	134
958	134	987	184

427	148	19	40
940	295	959	335
940	335	959	375

427	520	19	40
959	295	978	335
959	335	978	375

466	88	90	40
343	671	433	711
343	711	433	751
343	751	433	791

560	88	90	40
434	671	524	711
434	711	524	751
434	751	524	791

654	88	90	40
525	671	615	711
525	711	615	751
525	751	615	791

748	88	90	40
616	671	706	711
616	711	706	751
616	751	706	791

842	88	90	40
707	671	797	711
707	711	797	751
707	751	797	791

614	223	40	21
798	671	838	692
798	692	838	713
798	713	838	734
851	223	40	21
798	671	838	692
798	692	838	713
798	713	838	734
614	315	40	21
798	671	838	692
798	692	838	713
798	713	838	734
851	315	40	21
798	671	838	692
798	692	838	713
798	713	838	734
614	407	40	21
798	671	838	692
798	692	838	713
798	713	838	734
851	407	40	21
798	671	838	692
798	692	838	713
798	713	838	734
614	499	40	21
798	671	838	692
798	692	838	713
798	713	838	734
851	499	40	21
798	671	838	692
798	692	838	713
798	713	838	734
614	591	40	21
798	671	838	692
798	692	838	713
798	713	838	734
851	591	40	21
798	671	838	692
798	692	838	713
798	713	838	734
660	223	40	21
838	671	878	692
838	692	878	713
838	713	878	734
897	223	40	21
838	671	878	692
838	692	878	713
838	713	878	734
660	315	40	21
838	671	878	692
838	692	878	713
838	713	878	734
897	315	40	21
838	671	878	692
838	692	878	713
838	713	878	734
660	407	40	21
838	671	878	692
838	692	878	713
838	713	878	734
897	407	40	21
838	671	878	692
838	692	878	713
838	713	878	734
660	499	40	21
838	671	878	692
838	692	878	713
838	713	878	734
897	499	40	21
838	671	878	692
838	692	878	713
838	713	878	734
660	591	40	21
838	671	878	692
838	692	878	713
838	713	878	734
897	591	40	21
838	671	878	692
838	692	878	713
838	713	878	734
798	735	882	820

POPUPWR
P_PWR.tga
90	80	90	80
19	73	380	670
0	0	457	80
386	73	913	670
945	159	29	50
929	84	958	134
929	134	958	184
945	568	29	50
958	84	987	134
958	134	987	184
323	625	109	40
13	673	122	713
13	713	122	753
466	88	90	40
343	671	433	711
343	711	433	751
343	751	433	791
560	88	90	40
434	671	524	711
434	711	524	751
434	751	524	791
654	88	90	40
525	671	615	711
525	711	615	751
525	751	615	791
748	88	90	40
616	671	706	711
616	711	706	751
616	751	706	791
614	223	40	21
798	671	838	692
798	692	838	713
798	713	838	734
851	223	40	21
798	671	838	692
798	692	838	713
798	713	838	734
614	315	40	21
798	671	838	692
798	692	838	713
798	713	838	734
851	315	40	21
798	671	838	692
798	692	838	713
798	713	838	734
614	407	40	21
798	671	838	692
798	692	838	713
798	713	838	734
851	407	40	21
798	671	838	692
798	692	838	713
798	713	838	734
614	499	40	21
798	671	838	692
798	692	838	713
798	713	838	734
851	499	40	21
798	671	838	692
798	692	838	713
798	713	838	734
614	591	40	21
798	671	838	692
798	692	838	713
798	713	838	734
851	591	40	21
798	671	838	692
798	692	838	713
798	713	838	734
172	164	251	243
261	164	340	243
350	164	429	243
172	280	251	359
261	280	340	359
350	280	429	359
172	396	251	475
261	396	340	475
350	396	429	475
172	512	251	591
261	512	340	591
350	512	429	591
	
POPUPGR
P_PGR.tga
90	80	90	80
19	73	380	670
0	0	457	80
386	73	913	670

104	143	29	27
929	190	958	217
929	217	958	244

136	143	29	27
958	190	987	217
958	217	987	244

427	148	19	40
940	295	959	335
940	335	959	375

427	520	19	40
959	295	978	335
959	335	978	375

945	159	29	50
929	84	958	134
929	134	958	184

945	384	29	50
958	84	987	134
958	134	987	184

732 623 109	40
386	684	495	724
386	725	495	765

853 623	109	40
495	684	614 724
495	725 614	765

589	222	90	21
386	735	476	756
386	756	476	777
386	777	476	798
824	222	90	21
386	735	476	756
386	756	476	777
386	777	476	798
589	316	90	21
386	735	476	756
386	756	476	777
386	777	476	798
824	314	90	21
386	735	476	756
386	756	476	777
386	777	476	798
589	408	90	21
386	735	476	756
386	756	476	777
386	777	476	798
824	408	90	21
386	735	476	756
386	756	476	777
386	777	476	798

LOBBYSHOP
L_SH.tga
0	0	90	80
19	73	380	670
0	0	457	80
381	73	908	670
104	143	29	27
929	190	958	217
929	217	958	244
136	143	29	27
957	189	987	217
958	217	987	244
427	148	19	40
940	295	959	335
940	335	960	375
427	520	19	40
959	295	978	335
959	335	978	375
945	143	29	50
929	84	958	134
929	134	958	184
945	550	29	50
958	84	987	134
958	134	987	184
323	625	109	40
13	673	122	713
13	713	122	753
22	89	61	68
1	863	62	931
63	863	124	931
125	863	186	931
22	168	61	68
1	794	62	862	
63	794	124	862
125	794	186	862

0	0	0	0	
0	0	0	0
0	0	0	0
0	0	0	0

852	699	109	40
887	824	996	864
887	864	996	904
887	904	996	944

739	625	109	40
122	673	231	713
122	713	231	753
122	753	231	793

852	625	109	40
231	673	340	713
231	713	340	753
231	753	340	793

472	86	90	40
341	673	431	713
341	713	431	753
341	753	431	793
566	86	90	40
432	673	522	713
432	713	522	753
432	753	522	793
660	86	90	40
523	673	613	713
523	713	613	753
523	753	613	793
472	86	90	40
614	673	704	713
614	713	704	753
614	753	704	793
566	86	90	40
705	673	795	713
705	713	795	753
705	753	795	793
660	86	90	40
796	673	886	713
796	713	886	753
796	753	886	793
754	86	90	40	
341	794	431	834
341	834	431	874
341	874	431	914
848	86	90	40
432	794	522	834
432	834	522	874
432	874	522	914

472	86	90	40
523	794	613	834
523	834	613	874	
523	874	613	914

566	86	90	40
614	794	704	834
614	834	704	874
614	874	704	914
660	86	90	40
705	794	795	834
705	834	795	874
705	874	795	914
754	86	90	40
796	794	886	834
796	834	886	874
796	874	886	914
568	207	40	21
1	960	41	981
1	981	41	1002
1	1002	41	1023
656	207	40	21
81	960	121	981
81	981	121	1002
81	1002	121	1023
612	207	40	21
41	960	81	981
41	981	81	1002
41	1002	81	1023
803	207	40	21
1	960	41	981
1	981	41	1002
1	1002	41	1023
891	207	40	21
81	960	121	981
81	981	121	1002
81	1002	121	1023
847	207	40	21
41	960	81	981
41	981	81	1002
41	1002	81	1023	
568	299	40	21
1	960	41	981
1	981	41	1002
1	1002	41	1023
656	299	40	21
81	960	121	981
81	981	121	1002
81	1002	121	1023
612	299	40	21
41	960	81	981
41	981	81	1002
41	1002	81	1023
803	299	40	21
1	960	41	981
1	981	41	1002
1	1002	41	1023
891	299	40	21
81	960	121	981
81	981	121	1002
81	1002	121	1023
847	299	40	21
41	960	81	981
41	981	81	1002
41	1002	81	1023
568	391	40	21
1	960	41	981
1	981	41	1002
1	1002	41	1023
656	391	40	21
81	960	121	981
81	981	121	1002
81	1002	121	1023
612	391	40	21
41	960	81	981
41	981	81	1002
41	1002	81	1023
803	391	40	21
1	960	41	981
1	981	41	1002
1	1002	41	1023
891	391	40	21
81	960	121	981
81	981	121	1002
81	1002	121	1023
847	391	40	21
41	960	81	981
41	981	81	1002
41	1002	81	1023
568	483	40	21
1	960	41	981
1	981	41	1002
1	1002	41	1023
656	483	40	21
81	960	121	981
81	981	121	1002
81	1002	121	1023
612	483	40	21
41	960	81	981
41	981	81	1002
41	1002	81	1023
803	483	40	21
1	960	41	981
1	981	41	1002
1	1002	41	1023
891	483	40	21
81	960	121	981
81	981	121	1002
81	1002	121	1023
847	483	40	21
41	960	81	981
41	981	81	1002
41	1002	81	1023
568	575	40	21
1	960	41	981
1	981	41	1002
1	1002	41	1023
656	575	40	21
81	960	121	981
81	981	121	1002
81	1002	121	1023
612	575	40	21
41	960	81	981
41	981	81	1002
41	1002	81	1023
803	575	40	21
1	960	41	981
1	981	41	1002
1	1002	41	1023
891	575	40	21
81	960	121	981
81	981	121	1002
81	1002	121	1023
847	575	40	21
41	960	81	981
41	981	81	1002
41	1002	81	1023
888	738	973	822

188	806	234	819
188	819	234	832
188	832	234	845
188	845	234	858


POPUPBUY
BUY_POPUP.DDS
260	200	505	369
0	0	505	369
594	526	77	34
6	375	83	409
6	409	83	443
675	526	77	34
83	375	160	409
83	409	160	443
741	232	19	40
176	377	195	417
176	418	195	458
741	374	19	40
201	377	220	417
201	418	220	458
265	230	502	230
265	322	502	322

POPUPCI
N_PCI1.dds
N_PCI2.dds
287	200	450	368
0	0	450	368


301	525	77	34
262	380	339	414
262	414	339	448

645	525	77	34
185	380	262	414
185	414	262	448

569	300	142	22
569	325	142	22
569	350	142	22
569	375	142	22
569	400	142	22
569	300	142	22
569	325	142	22
569	350	142	22
569	375	142	22
569	400	142	22
569	425	142	22
569	450	142	22
569	475	142	22

10	419	152	440

POPUPJOIN
N_PJ.tga
227	229	570	309
0	0	570	309
433	494	77	34	
8	316	85	350
8	350	85	384
279	494	87	34	
170	316	257	350
170	350	257	384
657	494	87	34
257	316	344	350
257	350	344	384
514	494	77	34
85	316	162	350
85	350	162	384
441	310	616	334
441	335	616	359
240	280	618	280
240	306	618	306
240	332	618	332
240	358	618	358
240	384	618	384
240	410	618	410
240	436	618	436
240	462	618	462
358	314	440	356

POPUPGG
N_PGG.tga
289	211	445	346
0	0	445	346
563	514	77	34
88	350	165	384
88	384	165	418
644	514	77	34
165	350	242	384
165	384	242	418
243	350	374	440

POPUPCBUY
N_PCBUY.tga
296	200	431	368
0	0	431	368
0	0	0	0
0	0	0	0
0	0	0	0
0	0	0	0
0	0	0	0
0	0	0	0
0	0	0	0
0	0	0	0
0	0	0	0
0	0	0	0
0	0	0	0
0	0	0	0
314	242	29	27
676	77	705	104
676	105	705	132
346	242	29	27
706	77	735	104
706	105	735	132

555	525	77	34
609	0	685	34
609	34	685	68

635	525	77	34
686	0	763	34
686	34	763	68

438	140	660	214	
438	216	660	290
662	215	884	289
438	292	660	366
662	140	884	214
		
763	 64	985	137
214	369	435	442
661	367	883	441
437	367	659	441
661	291	883	365
661     443     883     517
661     519     883     593